5
15
18
21
29
41
42
43
54
89
98
99
106
108
113
134
142
154
158
163
164
166
172
177
189
200
203
204
214
215
219
226
243
244
245
246
265
268
269
280
292
302
307
312
321
338
344
362
371
387
397
400
404
414
435
459
462
467
472
475
477
497
516
518
542
544
547
560
608
634
641
661
678
680
698
700
702
727
736
743
755
768
770
781
784
785
792
798
799
804
810
812
815
821
833
835
837
838
840
841
843
844
845
863
869
872
873
874
879
882
887
889
896
914
930
937
943
950
956
960
962
978
979
981
982
985
986
988
994
996
1004
1005
1011
1019
1027
1028
1029
1030
1031
1040
1043
1046
1060
1075
1076
1083
1084
1086
1088
1092
1094
1096
1097
1098
1114
1120
1138
1139
1140
1141
1154
1158
1160
1168
1173
1175
1179
1183
1192
1193
1197
1199
1200
1204
1217
1218
1219
1222
1225
1234
1237
1238
1240
1243
1245
1247
1250
1254
1255
1256
1257
1259
1262
1264
1266
1275
1276
1278
1279
1282
1284
1287
1289
1290
1295
1301
1304
1309
1313
1318
1322
1323
1324
1329
1330
1336
1337
1340
1349
1351
1354
1355
1356
1359
1360
1367
1370
1373
1383
1388
1390
1397
1398
1399
1401
1402
1404
1407
1410
1412
1415
1416
1417
1418
1420
1422
1423
1424
1427
1431
1435
1437
1445
1448
1449
1457
1459
1460
1464
1477
1482
1489
1490
1493
1494
1497
1498
1500
1502
1505
1525
1547
1563
1564
1591
1601
1620
1622
1623
1668
1678
1682
1687
1692
1694
1711
1712
1720
1727
1732
1737
1751
1753
1783
1787
1792
1794
1800
1832
1846
1848
1852
1858
1860
1869
1876
1882
1885
1896
1897
1901
1919
1920
1934
1947
1972
1976
1979
1993
2003
2011
2012
2018
2022
2026
2028
2032
2042
2063
2075
2084
2101
2116
2120
2121
2128
2147
2171
2179
2180
2238
2277
2279
2318
2322
2324
2327
2329
2350
2361
2374
2377
2378
2379
2380
2393
2402
2403
2410
2432
2436
2464
2473
2478
2479
2497
2501
2516
2523
2530
2554
2558
2607
2625
2633
2636
2658
2668
2672
2693
2694
2710
2721
2725
2738
2753
2769
2771
2797
2801
2841
2882
2908
2910
2929
2972
2983
3003
3004
3036
3055
3056
3062
3094
3122
3128
3137
3168
3215
3226
3243
3245
3259
3296
3297
3308
3311
3315
3321
3326
3327
3341
3358
3370
3374
3378
3385
3387
3392
3398
3409
3426
3437
3438
3451
3467
3474
3483
3485
3490
3493
3506
3514
3519
3526
3535
3544
3578
3582
3589
3609
3611
3617
3619
3620
3637
3648
3657
3665
3687
3696
3712
3740
3758
3812
3814
3821
3828
3829
3837
3839
3841
3843
3846
3850
3851
3856
3858
3860
3867
3880
3883
3886
3890
3899
3903
3907
3913
3926
3927
3929
3941
3957
3964
3965
3971
3975
3979
3987
3993
3994
3998
4008
4009
4016
4019
4021
4025
4028
4031
4032
4037
4039
4040
4041
4058
4066
4067
4087
4089
4092
4095
4097
4105
4108
4115
4117
4118
4120
4122
4124
4127
4128
4129
4134
4137
4149
4153
4159
4161
4164
4174
4183
4185
4186
4187
4189
4192
4193
4194
4195
4201
4212
4215
4216
4218
4228
4244
4247
4261
4278
4303
4304
4306
4308
4316
4327
4335
4340
4346
4347
4367
4385
4386
4393
4407
4409
4425
4426
4430
4432
4464
4481
4486
4487
4491
4496
4507
4523
4524
4530
4539
4566
4578
4594
4597
4617
4618
4639
4645
4647
4651
4653
4662
4665
4666
4670
4679
4684
4685
4690
4692
4697
4698
4701
4706
4715
4716
4722
4724
4725
4727
4738
4739
4740
4742
4745
4759
4762
4779
4784
4790
4793
4800
4804
4810
4823
4829
4833
4834
4839
4840
4843
4846
4860
4863
4877
4883
4884
4890
4900
4905
4907
4911
4912
4917
4932
4945
4953
4956
4958
4961
4974
4975
5002
5017
5025
5035
5039
5040
5052
5054
5056
5063
5066
5077
5090
5102
5106
5117
5118
5133
5167
5171
5178
5184
5191
5202
5210
5211
5224
5225
5227
5228
5234
5247
5253
5257
5271
5272
5282
5292
5299
5304
5311
5318
5320
5325
5327
5335
5337
5348
5352
5358
5363
5369
5402
5427
5429
5434
5447
5453
5460
5466
5469
5471
5473
5479
5482
5490
5491
5502
5511
5518
5529
5530
5537
5541
5544
5550
5554
5560
5567
5583
5589
5596
5600
5605
5606
5608
5622
5626
5629
5637
5649
5654
5670
5671
5673
5677
5680
5681
5686
5692
5719
5729
5735
5738
5746
5748
5749
5757
5758
5772
5774
5780
5782
5790
5794
5795
5797
5815
5823
5825
5830
5836
5838
5840
5845
5849
5858
5860
5861
5862
5865
5869
5871
5872
5877
5886
5898
5900
5907
5918
5961
5962
5970
5973
5977
5984
6005
6017
6021
6025
6027
6035
6054
6078
6103
6110
6121
6125
6128
6136
6142
6159
6184
6210
6211
6213
6221
6237
6238
6304
6305
6307
6323
6324
6339
6342
6344
6356
6358
6361
6385
6387
6395
6397
6407
6408
6410
6412
6413
6416
6434
6436
6450
6453
6454
6463
6465
6471
6478
6481
6492
6498
6504
6511
6512
6516
6519
6520
6521
6523
6525
6532
6537
6538
6539
6540
6549
6558
6560
6562
6572
6583
6596
6613
6619
6637
6639
6642
6645
6649
6650
6651
6655
6658
6659
6661
6672
6674
6676
6682
6687
6693
6697
6704
6708
6714
6716
6717
6718
6726
6744
6751
6756
6763
6769
6781
6782
6786
6789
6804
6810
6811
6818
6821
6841
6848
6849
6854
6891
6902
6905
6914
6915
6937
6943
6947
6966
6976
6998
6999
7007
7018
7021
7022
7028
7041
7058
7062
7063
7067
7069
7071
7077
7083
7094
7095
7108
7111
7118
7127
7128
7129
7130
7132
7133
7136
7142
7148
7149
7151
7161
7176
7180
7182
7198
7201
7214
7216
7220
7221
7222
7225
7228
7229
7234
7235
7240
7247
7253
7257
7265
7267
7269
7273
7280
7292
7305
7313
7318
7321
7322
7327
7330
7333
7340
7341
7346
7352
7364
7368
7369
7379
7380
7383
7389
7399
7427
7430
7436
7438
7439
7442
7445
7446
7451
7452
7453
